mae_test_score: 0.12314316630363464
mae_train_score: 0.029903223738074303
mape_test_score: -31.46582794189453
mape_train_score: -13.092639923095703
r2_test_score: -10.16825513692445
r2_train_score: 0.9839119819196187
train_loss: 0.017033661790774205
valid_loss: 0.8032143852114677
